Converting User Coordinates to WGS84:
NW: 1.3198855742, 103.7592567759
SE: 1.3115205418, 103.7664189483
